{"__type__":"cc.Model","_name":"9014","_nodes":[{"name":"RootNode","scale":[1,1,1],"children":[1,2],"position":[0,0,0],"quat":[0,0,0,1],"path":""},{"name":"CAT_N120_2","scale":[1,1,1],"mesh":0,"skin":0,"parent":null,"position":[0,1,0],"quat":[-3.09086196637054e-8,0.70710676908493,0.70710676908493,3.09086196637054e-8],"path":"CAT_N120_2"},{"name":"Bone001","scale":[1,1,1],"children":[3],"parent":null,"position":[0.000157957401825115,0.25,2.19351381502975e-8],"quat":[0.669726192951202,0.637553215026855,-0.282750874757767,-0.255038470029831],"path":"Bone001"},{"name":"Bone002","scale":[1,1,1],"children":[4,5,6],"parent":null,"position":[-0.0530706383287907,-0.000107599495095201,0],"quat":[0.0432945750653744,-0.00057182542514056,-0.0131942480802536,0.998975038528442],"path":"Bone001/Bone002"},{"name":"Bone004","scale":[1,1.00000011920929,1],"parent":null,"position":[-0.0136127658188343,-0.159359067678452,0.0655371844768524],"quat":[0.172657296061516,0.975453078746796,-0.127747386693954,-0.0485932305455208],"path":"Bone001/Bone002/Bone004"},{"name":"Bone003","scale":[1.00000023841858,1.00000011920929,0.99999988079071],"parent":null,"position":[0.0188014023005962,0.163726598024368,0.00124946294818074],"quat":[-0.0910058245062828,0.979994893074036,-0.17586313188076,-0.0200012717396021],"path":"Bone001/Bone002/Bone003"},{"name":"Bone007","scale":[1.00000011920929,1.00000023841858,1.00000023841858],"children":[7,9,12,24,36,37],"parent":null,"position":[0.615059494972229,0.00477264076471329,-1.51395795455755e-7],"quat":[8.50415844411145e-8,0.0000190250648302026,0.999991595745087,-0.00409672968089581],"path":"Bone001/Bone002/Bone007"},{"name":"Bone034","scale":[0.99999988079071,1.00000011920929,0.999999761581421],"children":[8],"parent":null,"position":[0.0131073761731386,0.000997999915853143,1.19209286886246e-9],"quat":[0.2125603556633,-0.0312257297337055,0.00677696894854307,0.976625382900238],"path":"Bone001/Bone002/Bone007/Bone034","uniqueBindPose":[-1.8369701465288538e-16,1,-2.2775442687361647e-7,0,6.123232277692369e-17,-2.2775442687361647e-7,-1,0,-1,-1.8369702788777518e-16,-6.123228307225429e-17,0,0.05040191486477852,0.0013172533363103867,4.035947753777691e-8,1]},{"name":"Bone029","scale":[1,1,1],"parent":null,"position":[0.371519207954407,0.00228553777560592,0],"quat":[-0.000850354670546949,-0.00000407008883485105,0.00494399340823293,0.999987423419952],"path":"Bone001/Bone002/Bone007/Bone034/Bone029","uniqueBindPose":[0.014495979063212872,0.9998948574066162,0.0000012051589237671578,0,1.9561280595326025e-8,0.0000012050019222442643,-1,0,-0.9998948574066162,0.014495979063212872,-2.0915393861287157e-9,0,-0.30799129605293274,0.0028429448138922453,-2.189604586533278e-8,1]},{"name":"Bone008","scale":[1.00000035762787,1.00000011920929,0.999999523162842],"children":[10],"parent":null,"position":[-0.167235717177391,0.00575851649045944,0.0000398224583477713],"quat":[-0.0329816266894341,0.0337224900722504,0.998641729354858,0.0221303906291723],"path":"Bone001/Bone002/Bone007/Bone008","uniqueBindPose":[-0.004201713018119335,-0.9999911189079285,2.7318202455717255e-7,0,2.8164865994995125e-8,-2.7330278840054234e-7,-1,0,0.9999911189079285,-0.004201713018119335,2.9312957394722616e-8,0,-0.2863907814025879,0.0027960592415183783,8.670386186793166e-9,1]},{"name":"Bone013","scale":[0.999999761581421,0.999999523162842,0.999999940395355],"children":[11],"parent":null,"position":[0.109208293259144,0.486795276403427,0.0116623537614942],"quat":[1.78170367348685e-7,-9.41219809647009e-7,0.999853789806366,-0.0170992594212294],"path":"Bone001/Bone002/Bone007/Bone008/Bone013"},{"name":"Bone014","scale":[1,1,1],"parent":null,"position":[0.117027200758457,3.81469718035987e-8,-1.43051144263495e-8],"quat":[-0.000514186918735504,-0.0111160147935152,-0.0463015995919704,0.99886554479599],"path":"Bone001/Bone002/Bone007/Bone008/Bone013/Bone014"},{"name":"Bone010","scale":[1.00000011920929,0.999999761581421,0.999999821186066],"children":[13,14,17],"parent":null,"position":[-0.0865457132458687,-0.422553420066833,-0.206668272614479],"quat":[0.275532513856888,0.0783767625689507,-0.344146877527237,0.894148647785187],"path":"Bone001/Bone002/Bone007/Bone010"},{"name":"Bone012","scale":[0.999999642372131,0.999999821186066,1.00000011920929],"parent":null,"position":[0.0963211804628372,-0.14653442800045,0.00417761784046888],"quat":[0.103225998580456,-0.00465065566822886,-0.724608659744263,0.681369960308075],"path":"Bone001/Bone002/Bone007/Bone010/Bone012"},{"name":"Bone036","scale":[1.00000023841858,0.999999582767487,1.00000011920929],"children":[15],"parent":null,"position":[0.0828592255711555,-0.0145465843379498,-0.011734189465642],"quat":[0.0631184279918671,0.0292226858437061,0.016268540173769,0.997445464134216],"path":"Bone001/Bone002/Bone007/Bone010/Bone036","uniqueBindPose":[-0.6651954650878906,0.7466692924499512,-7.378393434009922e-7,0,-4.3252075698774206e-8,-0.0000010267069683322916,-1.0000001192092896,0,-0.7466690540313721,-0.6651955842971802,7.152558509915252e-7,0,-0.1797870248556137,0.4444088935852051,-4.085318892066425e-7,1]},{"name":"Bone032","scale":[1.00000011920929,0.999999642372131,0.999999940395355],"children":[16],"parent":null,"position":[0.253608584403992,0.00745849590748549,-0.110950469970703],"quat":[-0.568909168243408,0.796846330165863,0.117717757821083,0.165893957018852],"path":"Bone001/Bone002/Bone007/Bone010/Bone036/Bone032","uniqueBindPose":[-0.44699427485466003,0.8944274187088013,0.013996264897286892,0,0.031297169625759125,2.7422572657087585e-7,0.9995099902153015,0,0.8939891457557678,0.447213351726532,-0.027993163093924522,0,-0.24871951341629028,0.5644041895866394,-0.1032169908285141,1]},{"name":"Bone033","scale":[1.00000011920929,1.00000011920929,1],"parent":null,"position":[0.280343472957611,0,0],"quat":[0.00306381657719612,0.0096181882545352,-0.0841839760541916,0.996399104595184],"path":"Bone001/Bone002/Bone007/Bone010/Bone036/Bone032/Bone033","uniqueBindPose":[-0.7552320957183838,0.6553078889846802,0.013996253721415997,0,0.028915049508213997,0.011976318433880806,0.9995099902153015,0,0.6548193097114563,0.7552668452262878,-0.027993163093924522,0,-0.7047692537307739,0.31899839639663696,-0.10321700572967529,1]},{"name":"Bone017","scale":[1.00000023841858,0.99999988079071,1],"children":[18,23],"parent":null,"position":[0.516076982021332,0.0723350495100021,-0.0335787087678909],"quat":[0.427687734365463,-0.145371481776237,0.479732900857925,0.752201199531555],"path":"Bone001/Bone002/Bone007/Bone010/Bone017","uniqueBindPose":[0.22589111328125,0.9741525053977966,-6.347202230472249e-8,0,-6.722723355778726e-8,-4.9567173476816606e-8,-1,0,-0.9741525053977966,0.22589111328125,5.429279426039102e-8,0,-0.09737420082092285,0.6775763630867004,-0.03689334914088249,1]},{"name":"Bone018","scale":[1,1,1],"children":[19,21],"parent":null,"position":[0.167448535561562,-5.72204577053981e-8,7.62939436071974e-8],"quat":[-0.071358360350132,-0.0322370938956738,0.0681362971663475,0.994598507881165],"path":"Bone001/Bone002/Bone007/Bone010/Bone017/Bone018","uniqueBindPose":[0.2552548050880432,0.966873824596405,-1.7389356798958033e-7,0,-6.869581881119302e-8,-1.6171564709566155e-7,-1,0,-0.966873824596405,0.2552548050880432,2.5141494219838023e-8,0,-0.24420571327209473,0.6852768659591675,-0.03689344972372055,1]},{"name":"Bone019","scale":[1.00000011920929,1.00000011920929,1],"children":[20],"parent":null,"position":[0.1528160572052,-9.53674259562831e-8,0],"quat":[0.875792503356934,0.458289802074432,-0.0305677186697721,-0.148403316736221],"path":"Bone001/Bone002/Bone007/Bone010/Bone017/Bone018/Bone019","uniqueBindPose":[0.35540881752967834,-0.9347107410430908,6.070032920746371e-9,0,-1.0232952263322659e-8,2.6031037325680018e-9,1,0,-0.9347107410430908,-0.35540881752967834,-8.639688076073071e-9,0,-0.32283949851989746,-0.72319096326828,0.036893364042043686,1]},{"name":"Bone020","scale":[0.999999761581421,0.999999761581421,1],"parent":null,"position":[0.0952756255865097,9.53674259562831e-8,0],"quat":[0.0378159955143929,-0.00585774006322026,-0.607907474040985,0.793085217475891],"path":"Bone001/Bone002/Bone007/Bone010/Bone017/Bone018/Bone019/Bone020","uniqueBindPose":[0.9191453456878662,-0.3939187824726105,7.495388132383596e-8,0,-8.990900468575092e-9,1.6929872970194992e-7,1,0,-0.3939187824726105,-0.9191453456878662,1.5206842363113537e-7,0,0.22953380644321442,-0.8032061457633972,0.03689350560307503,1]},{"name":"Bone025","scale":[0.999999940395355,1,1],"children":[22],"parent":null,"position":[0.0588179938495159,0.0207114592194557,0.128493040800095],"quat":[0.869745433330536,0.457854121923447,0.182519808411598,-0.0244749058037996],"path":"Bone001/Bone002/Bone007/Bone010/Bone017/Bone018/Bone025","uniqueBindPose":[0.7581469416618347,-0.6248767375946045,0.18639300763607025,0,-0.25060221552848816,-0.015315989963710308,0.9679689407348633,0,-0.6020066142082214,-0.7805731892585754,-0.16820724308490753,0,0.10856060683727264,-0.716823160648346,0.1876227706670761,1]},{"name":"Bone026","scale":[0.999999940395355,0.999999940395355,1],"parent":null,"position":[0.100298784673214,-7.62939436071974e-8,0],"quat":[0.0878708958625793,-0.402885675430298,-0.0398077219724655,0.9101522564888],"path":"Bone001/Bone002/Bone007/Bone010/Bone017/Bone018/Bone025/Bone026","uniqueBindPose":[0.76279217004776,-0.6380804777145386,-0.10488871484994888,0,0.12724733352661133,-0.01091798022389412,0.9918109178543091,0,-0.6340004801750183,-0.7698923349380493,0.07286585867404938,0,0.06578969210386276,-0.71685791015625,0.1757625788450241,1]},{"name":"Bone024","scale":[1.00000023841858,0.999999940395355,0.999999582767487],"parent":null,"position":[0.0912537202239037,-0.0128299705684185,-0.00704429624602199],"quat":[0.999367952346802,-0.0233549755066633,-0.0264447908848524,0.00434917071834207],"path":"Bone001/Bone002/Bone007/Bone010/Bone017/Bone024","uniqueBindPose":[-1.8369700141799558e-16,-0.9999998211860657,1.5089449334482197e-7,0,6.123231615947879e-17,1.5089446492311254e-7,1,0,-0.9999998211860657,1.8369700141799558e-16,6.123229630714409e-17,0,-0.3625456392765045,-0.6217275857925415,0.02854701690375805,1]},{"name":"Bone009","scale":[1.00000011920929,0.999999821186066,0.999999761581421],"children":[25,26,29],"parent":null,"position":[-0.0831410214304924,0.418310612440109,0.192297473549843],"quat":[-0.0202254503965378,-0.113752640783787,0.34665259718895,0.930850803852081],"path":"Bone001/Bone002/Bone007/Bone009"},{"name":"Bone011","scale":[1,1.00000035762787,0.999999821186066],"parent":null,"position":[0.144697949290276,0.165915220975876,-0.00410476652905345],"quat":[0.0300049614161253,-0.0262177176773548,0.75243091583252,0.657464861869812],"path":"Bone001/Bone002/Bone007/Bone009/Bone011"},{"name":"Bone035","scale":[0.999999940395355,1.00000047683716,1],"children":[27],"parent":null,"position":[0.100051380693913,0.0533676147460938,-0.000858955376315862],"quat":[0.0388996638357639,-0.000923385669011623,-0.0237160306423903,0.998961210250854],"path":"Bone001/Bone002/Bone007/Bone009/Bone035","uniqueBindPose":[0.6518861055374146,0.758316695690155,-6.497592721643741e-7,0,-2.5407206294403295e-7,-6.38431231436698e-7,-1,0,-0.7583168745040894,0.651885986328125,-2.2351738948600541e-7,0,-0.1748230904340744,-0.4493984580039978,4.3510186742423684e-7,1]},{"name":"Bone030","scale":[0.999999940395355,1.00000023841858,0.999999821186066],"children":[28],"parent":null,"position":[0.257472783327103,-0.00535148615017533,-0.109711736440659],"quat":[-0.146485045552254,0.167438834905624,0.841761291027069,0.49187833070755],"path":"Bone001/Bone002/Bone007/Bone009/Bone035/Bone030","uniqueBindPose":[0.35264667868614197,-0.9347716569900513,0.04292243719100952,0,0.03604410961270332,-0.032266005873680115,-0.998829185962677,0,0.9350621104240417,0.3537808954715729,0.022314509376883507,0,-0.18622012436389923,0.5952975153923035,0.08389003574848175,1]},{"name":"Bone031","scale":[1,1,1],"parent":null,"position":[0.282012015581131,7.62939436071974e-8,-1.42108543975646e-16],"quat":[-0.0883354321122169,-0.212642565369606,-0.128589272499084,0.964595675468445],"path":"Bone001/Bone002/Bone007/Bone009/Bone035/Bone030/Bone031","uniqueBindPose":[0.7744654417037964,-0.6311583518981934,0.042922452092170715,0,0.04737430438399315,-0.00979536958038807,-0.998829185962677,0,0.6308398246765137,0.7755920886993408,0.022314514964818954,0,-0.7038946151733398,0.2795585095882416,0.08389000594615936,1]},{"name":"Bone015","scale":[1.00000035762787,0.99999988079071,0.999999940395355],"children":[30,35],"parent":null,"position":[0.452132403850555,-0.0676646381616592,0.00204540253616869],"quat":[0.100041538476944,-0.254951477050781,-0.238643735647202,0.931686997413635],"path":"Bone001/Bone002/Bone007/Bone009/Bone015","uniqueBindPose":[-0.20257455110549927,0.979266881942749,-2.7535133995115757e-7,0,6.253233664210711e-8,-2.682454578462057e-7,-1,0,-0.979266881942749,-0.20257455110549927,-6.896132997979976e-9,0,-0.11168739199638367,-0.6716964840888977,-0.0368930920958519,1]},{"name":"Bone016","scale":[1,1,1],"children":[31,33],"parent":null,"position":[0.167208254337311,-7.62939436071974e-8,-1.90734859017994e-8],"quat":[-7.44727390866728e-9,2.21951401702114e-10,-0.0297898110002279,0.999556183815002],"path":"Bone001/Bone002/Bone007/Bone009/Bone015/Bone016","uniqueBindPose":[-0.239460289478302,0.9709061980247498,-2.7535111257748213e-7,0,7.263115975320034e-8,-2.6568875455268426e-7,-1,0,-0.9709061980247498,-0.239460289478302,-6.896132997979976e-9,0,-0.25329628586769104,-0.6817622184753418,-0.0368930958211422,1]},{"name":"Bone021","scale":[0.999999940395355,0.999999940395355,1],"children":[32],"parent":null,"position":[0.135745719075203,-7.62939436071974e-8,-1.90734859017994e-8],"quat":[-0.1254992634058,0.0540197640657425,-0.428036898374557,0.893373489379883],"path":"Bone001/Bone002/Bone007/Bone009/Bone015/Bone016/Bone021","uniqueBindPose":[-0.34658247232437134,0.9380194544792175,3.3719535963427916e-7,0,-3.749372581296484e-7,2.209428515698164e-7,-1,0,-0.9380194544792175,-0.34658247232437134,2.7512351152836345e-7,0,-0.3103235363960266,-0.7210081815719604,-0.03689326345920563,1]},{"name":"Bone022","scale":[1.00000011920929,1.00000011920929,1],"parent":null,"position":[0.113530613481998,0,-7.62939436071974e-8],"quat":[-0.00747398706153035,0.00612650997936726,-0.673587143421173,0.739044606685638],"path":"Bone001/Bone002/Bone007/Bone009/Bone015/Bone016/Bone021/Bone022","uniqueBindPose":[-0.9107287526130676,0.41300493478775024,-2.953875188893562e-8,0,-1.8038422311406066e-8,-1.1129856858360654e-7,-1,0,-0.41300493478775024,-0.9107287526130676,1.0881277034968662e-7,0,0.21474814414978027,-0.8083243370056152,-0.03689316660165787,1]},{"name":"Bone027","scale":[0.999999761581421,1,1],"children":[34],"parent":null,"position":[0.0968380123376846,-0.0331845842301846,0.133447051048279],"quat":[-0.00197443948127329,-0.0209888201206923,-0.522935092449188,0.852111756801605],"path":"Bone001/Bone002/Bone007/Bone009/Bone015/Bone016/Bone027","uniqueBindPose":[-0.8043568134307861,0.5195830464363098,0.28817325830459595,0,-0.2944486141204834,0.07267118990421295,-0.952900230884552,0,-0.516052782535553,-0.8513239026069641,0.0945369228720665,0,0.13333526253700256,-0.6928666830062866,-0.27280092239379883,1]},{"name":"Bone028","scale":[1,1,1],"parent":null,"position":[0.108753353357315,-7.62939436071974e-8,7.10542719878232e-17],"quat":[-0.0387350507080555,0.368525683879852,0.0252898409962654,0.928465843200684],"path":"Bone001/Bone002/Bone007/Bone009/Bone015/Bone016/Bone027/Bone028","uniqueBindPose":[-0.7919678092002869,0.5624381899833679,-0.2375931292772293,0,0.34338098764419556,0.08853177726268768,-0.9350143074989319,0,-0.5048532485961914,-0.8220861554145813,-0.2632448375225067,0,0.15415093302726746,-0.6931802034378052,-0.2254495769739151,1]},{"name":"Bone023","scale":[0.999999582767487,0.999999821186066,1],"parent":null,"position":[0.0964593514800072,-0.00232215877622366,0.00341672892682254],"quat":[0.00000100898546406825,-1.10615850701379e-7,-0.0504174828529358,0.998728215694427],"path":"Bone001/Bone002/Bone007/Bone009/Bone015/Bone023","uniqueBindPose":[0.012985244393348694,0.9999156594276428,-0.0000023596132905367995,0,-1.7152518694274477e-7,-0.0000023575844352308195,-1,0,-0.9999156594276428,0.012985244393348694,1.4089690125729248e-7,0,-0.37066391110420227,-0.6012062430381775,-0.028267506510019302,1]},{"name":"Bone006","scale":[1.00000023841858,0.99999988079071,1],"parent":null,"position":[0.432260781526566,0.0466712266206741,-0.145992785692215],"quat":[0.865645706653595,-0.0124648502096534,-0.0174621790647507,0.500197112560272],"path":"Bone001/Bone002/Bone007/Bone006"},{"name":"Bone005","scale":[0.999999821186066,0.999999701976776,0.999999463558197],"parent":null,"position":[0.371653288602829,-0.0951318889856339,0.232625365257263],"quat":[0.827305555343628,-0.0264197457581758,-0.0257429666817188,0.560539722442627],"path":"Bone001/Bone002/Bone007/Bone005"}]}